1 409093 2 409094
409722 417635 409096 417009
418276 422353 417010 421087
422501 425056 421088 423643
425057 448396 423644 446983
448397 635804 446984 634391
635808 640045 634392 638629
640049 1095567 638630 1094148
1095568 1152683 1094149 1151264
1152684 1286174 1151265 1284755
1286175 1295229 1284756 1293811
1295380 1350384 1293812 1348816
1351794 1353456 1348817 1350479
1353910 1354941 1350480 1351511
1355468 1357299 1351919 1353751
1357300 1359281 1354161 1356142
1360477 1366716 1356145 1362385
1366720 1403582 1363704 1400567
1403617 1478953 1400569 1475906
1478954 1480269 1475908 1477223
1480270 1541874 1477224 1538829
1541875 1545397 1538830 1542353
1545398 1643200 1542354 1640156
1643421 1667897 1664613 1689090
1667898 1674203 1689091 1695396
1674353 2106087 1695397 2127132
2106088 2107404 2127133 2128449
2107405 2112833 2128450 2133878
2112834 2132819 2134835 2154820
2132820 2141697 2155777 2164654
2141702 2258796 2165972 2283066
2258801 2348411 2290533 2380144
2348412 2380300 2380145 2412033
2380446 2385044 2412034 2416633
2385045 2394850 2416634 2426439
2394851 2541580 2426440 2573170
2541581 2560031 2573171 2591621
2560032 2608390 2591622 2639980
2608395 2769403 2639982 2800990
2769404 2793986 2800992 2825574
2793987 2805544 2825575 2837132
2805545 2806860 2837133 2838448
2806861 2841638 2838449 2873226
2841639 2842954 2873227 2874542
2842955 2953868 2874543 2985456
2953888 2992814 2985457 3024383
2992966 2996291 3024384 3027709
2996292 3034168 3027713 3065589
3034169 3035485 3065593 3066909
3035486 3208892 3066910 3240316
3208893 3210208 3240317 3241632
3210209 3586419 3241633 3617843
3586459 5135367 3617844 5166752
5135368 5554243 5204642 5623517
