1 409095 1 409095
409096 596503 446984 634391
596817 601053 634392 638629
601457 1056973 638631 1094147
1056978 1190468 1151265 1284755
1190469 1199524 1284756 1293811
1199675 1254677 1293813 1348815
1258555 1261201 1351512 1354158
1261202 1263187 1354159 1356144
1264262 1270502 1356145 1362385
1270503 1271820 1362386 1363703
1271821 1308684 1363704 1400567
1308689 1384028 1400568 1475907
1384033 1445638 1477224 1538829
1445639 1449162 1538830 1542353
1449163 1546955 1542359 1640151
1546956 1571411 1640157 1664612
1571412 1732422 1664613 1825623
1732721 1781079 1825624 1873982
1781080 1797633 1874931 1891485
1797634 1944364 1892434 2039164
1944365 1953560 2039470 2048665
1953561 1958160 2048971 2053570
1958306 1990194 2053571 2085459
1990195 2079806 2085460 2175071
2079807 2087272 2175072 2182537
2087273 2204365 2182539 2299631
2204366 2205682 2299633 2300949
2205683 2214560 2300950 2309827
2214561 2236458 2309828 2331725
2236459 2241887 2331726 2337154
2241892 2673627 2338472 2770207
2673777 2680080 2770209 2776512
2680081 2704558 2776514 2800991
2704906 2716462 2825575 2837132
2716467 2751244 2838449 2873226
2751249 2862161 2874543 2985456
2862164 2901089 2985457 3024383
2901241 2904566 3024384 3027709
2904567 2942449 3027710 3065592
2942454 3115860 3066910 3240316
3115865 3492061 3241640 3617836
3492066 5040968 3617847 5166749
5041550 5049454 5166757 5174662
5049629 5053703 5174668 5178743
5053851 5056407 5178745 5181301
5056408 5079726 5181312 5204631
5079728 5498578 5204654 5623505
